741
232
489
731
249
878
229
170
445
181
405
990
409
941
124
633
244
540
863
673
57
697
721
675
762
583
998
262
313
397
932
958
3
793
232
225
576
76
545
693
750
697
203
387
92
126
544
479
508
856
481
20
409
637
900
842
554
366
123
949
147
810
408
788
535
172
471
77
496
424
228
145
241
728
51
691
469
659
827
44
978
395
552
118
666
331
929
804
548
740
219
264
716
196
172
796
29
611
110
474
689
383
514
697
119
209
595
451
704
295
699
479
523
287
229
562
753
140
351
726
47
449
922
338
144
794
873
150
632
233
465
544
450
596
98
771
718
192
235
560
753
990
99
91
354
767
893
770
847
986
88
441
750
149
755
692
851
607
774
956
751
614
855
323
37
896
63
279
966
810
892
105
48
690
787
807
250
67
929
60
742
645
558
176
238
390
984
672
47
284
451
901
842
429
106
103
247
411
369
736
372
925
547
386
63
926
485
294
444
222
221
423
782
371
591
3
794
846
622
60
865
764
898
497
177
657
297
472
733
540
332
8
118
143
799
281
126
289
130
968
484
262
104
736
926
833
286
783
712
735
53
300
410
924
143
886
706
950
87
38
786
137
682
589
107
684
759
385
741
794
408
29
694
915
635
843
717
399
606
987
421
612
956
202
76
19
163
434
450
937
361
606
675
751
413
467
794
934
865
882
766
875
72
425
25
929
41
385
220
585
98
340
118
716
490
290
578
481
463
371
732
973
653
821
643
10
236
107
49
210
561
396
290
463
591
197
737
430
863
924
497
195
56
458
396
131
163
560
3
413
708
565
271
575
418
424
238
155
675
741
413
574
545
882
154
583
862
638
239
859
569
618
280
509
856
330
29
853
538
369
552
918
95
742
502
202
989
345
788
41
208
861
225
815
790
703
880
827
924
715
74
686
747
443
633
6
427
575
515
154
183
448
914
617
414
619
109
420
861
937
544
347
54
790
436
873
898
253
842
687
138
616
424
276
974
843
857
537
70
274
60
295
494
272
184
364
512
575
250
725
643
34
447
317
765
537
736
950
66
588
428
414
993
586
218
238
936
396
603
141
700
946
24
899
12
182
648
24
521
311
806
402
727
825
281
143
802
595
370
440
867
188
503
610
934
442
609
407
794
334
